Результаты лабораторий: 
N	X	U	E
1	9,258	0,304	-1,0633
2	9,411	0,295	-0,8601
3	9,139	0,447	-0,8941
4	9,386	0,43	-0,6558
5	9,575	0,33	-0,5628
6	9,565	0,39	-0,5013
7	9,815	0,195	-0,3424
8	9,702	0,338	-0,3818
9	10,105	0,356	0,1513
10	10,071	0,143	0,1965
11	10,279	0,22	0,5383
12	10,533	0,447	0,5755
13	10,685	0,491	0,6763
14	10,998	0,245	1,7322
15	10,902	0,133	2,2109

Показатели KCRV: 
Метод	X	U	λ
Mean	9,9616	0,1565	0
WeightedMean	10,1912	0,0641	0
Median	9,815	0,2059	0
DerSimonian	9,9871	0,1585	0,3077
Huber	9,9616	0,2163	0
GOST	9,9616	0,1565	0
A	9,961	0,1771	0

Таблица "Промежуточные результаты" 

Таблица №1

X	U	χi
9,258	0,304	9,423627810696669
9,411	0,295	6,994985150167677
9,139	0,447	5,541094926321353
9,386	0,43	3,5066221373355475
9,575	0,33	3,486899939516455
9,565	0,39	2,578223166425652
9,815	0,195	3,7222679451240257
9,702	0,338	2,0949308749110753
10,105	0,356	0,058652417729296843
10,071	0,143	0,706740158117285
10,279	0,22	0,15921184573016414
10,533	0,447	0,5846363890182084
10,685	0,491	1,0113681344168135
10,998	0,245	10,843794967985636

Средневзвешенное: 10,19121701
χКрит: 23,684791304840566
χВыборки: 79,27388230214913

Таблица №2

X	U	χi
9,258	0,304	5,579988684592114
9,411	0,295	3,6696115430653737
9,139	0,447	3,5071049166717443
9,386	0,43	1,8833336075460498
9,575	0,33	1,4773945033541263
9,565	0,39	1,1111797318557801
9,815	0,195	0,6826046604934684
9,702	0,338	0,6576768036418885
10,105	0,356	0,1310830704398459
10,071	0,143	0,4403316414134737
10,279	0,22	1,8955182870922374
10,533	0,447	1,5521213747892433
10,685	0,491	2,0844726362312476

Средневзвешенное: 9,97610879
χКрит: 22,362032494827083
χВыборки: 42,06953341579323

Таблица №3

X	U	χi
9,411	0,295	2,4851399881593736
9,139	0,447	2,718792565047469
9,386	0,43	1,2987922632210376
9,575	0,33	0,832228480712302
9,565	0,39	0,6360988451648228
9,815	0,195	0,09800958184272437
9,702	0,338	0,2651568659147914
10,105	0,356	0,41360925979650653
10,071	0,143	1,858595660891472
10,279	0,22	3,3547645543299582
10,533	0,447	2,1599948115929193
10,685	0,491	2,7144566380161494

Средневзвешенное: 9,87604764
χКрит: 21,026069817483076
χВыборки: 22,968937702336362

Таблица №4

X	U	χi
9,411	0,295	2,9540180143619326
9,139	0,447	3,037293201106296
9,386	0,43	1,530825428338819
9,575	0,33	1,0804914550950149
9,565	0,39	0,8193688432600065
9,815	0,195	0,27913112583422944
9,702	0,338	0,4084801227184497
10,105	0,356	0,2758489668274715
10,071	0,143	1,1443900484056049
10,279	0,22	2,692223446691035
10,533	0,447	1,8927845201159372
10,685	0,491	2,440059821636075

Средневзвешенное: 9,91802408
χКрит: 19,67513757268248
χВыборки: 18,554914994390874
