Результаты лабораторий: 
N	X	U	E
1	9,258	0,304	-1,4749
2	9,411	0,295	-1,2912
3	9,139	0,447	-1,2174
4	9,386	0,43	-0,9966
5	9,575	0,33	-0,98
6	9,565	0,39	-0,8741
7	9,815	0,195	-0,9243
8	9,702	0,338	-0,8011
9	10,105	0,356	-0,2769
10	10,071	0,143	-0,5293
11	10,279	0,22	-0,0877
12	10,533	0,447	0,2062
13	10,685	0,491	0,3338
14	10,998	0,245	1,0548
15	10,902	0,133	1,1893
16	10,323	0,212	-0,0139
17	11,998	0,145	3,3761
18	11,902	0,033	3,8786
19	11,323	0,712	0,6707
20	11,653	0,712	0,8938

Показатели KCRV: 
Метод	X	U	λ
Mean	10,3311	0,1998	0
WeightedMean	11,539	0,0285	0
Median	10,192	0,2778	0
DerSimonian	10,3222	0,1997	1,224
Huber	10,309	0,2421	0
GOST	10,3311	0,1998	0
A	10,3139	0,2185	0

Таблица "Промежуточные результаты" 

Таблица №1

X	U	χi
9,258	0,304	56,29728756568765
9,411	0,295	52,033391907044965
9,139	0,447	28,826525180300127
9,386	0,43	25,06884174532498
9,575	0,33	35,41902345482634
9,565	0,39	25,61808558468499
9,815	0,195	78,15994049784581
9,702	0,338	29,53691468777866
10,105	0,356	16,22456132930331
10,071	0,143	105,37929285102385
10,279	0,22	32,79947448245012
10,533	0,447	5,064595787329832
10,685	0,491	3,0248942846204585
10,998	0,245	4,8752308349951905
10,902	0,133	22,93604486350763
10,323	0,212	32,8977004020689
11,998	0,145	10,022326319647327
11,323	0,712	0,09199818297600014
11,653	0,712	0,02565478883384697

Средневзвешенное: 11,53895816
χКрит: 30,143527205646233
χВыборки: 685,3296796910996

Таблица №2

X	U	χi
9,258	0,304	16,360164352900014
9,411	0,295	13,319037797846672
9,139	0,447	9,102438568220686
9,386	0,43	6,563249152826432
9,575	0,33	7,647907788040468
9,565	0,39	5,5963797483077355
9,815	0,195	11,897549499476831
9,702	0,338	5,402324829291742
10,105	0,356	1,1550820076190331
10,071	0,143	8,487650191090339
10,279	0,22	0,899135650363766
10,533	0,447	0,010311071261086274
10,685	0,491	0,1616169690585602
10,998	0,245	4,339822914412431
10,902	0,133	9,707671761976712
10,323	0,212	0,6028942336598021
11,323	0,712	1,37663394465189
11,653	0,712	2,6790605385163024

Средневзвешенное: 10,48761008
χКрит: 28,86929943039257
χВыборки: 213,8120325861129

Таблица №3

X	U	χi
9,258	0,304	10,03634009086205
9,411	0,295	7,5406569309635865
9,139	0,447	5,860055690670125
9,386	0,43	3,7715227037160988
9,575	0,33	3,8330231997897717
9,565	0,39	2,829965666384654
9,815	0,195	4,336594157977791
9,702	0,338	2,3584741752486362
10,105	0,356	0,1063155082778758
10,071	0,143	1,101436599203143
10,279	0,22	0,06931834498150533
10,533	0,447	0,48694304229090973
10,685	0,491	0,8927456790751039
10,998	0,245	10,055951057677692
10,323	0,212	0,23113611910610815
11,323	0,712	2,3952015246991882
11,653	0,712	4,0446318440244005

Средневзвешенное: 10,22107757
χКрит: 27,587111638275278
χВыборки: 86,16181980722538

Таблица №4

X	U	χi
9,258	0,304	6,6230009576375375
9,411	0,295	4,551349710095143
9,139	0,447	4,066040649024972
9,386	0,43	2,315704164526935
9,575	0,33	1,9885258428010082
9,565	0,39	1,4855848841619304
9,815	0,195	1,335504165181571
9,702	0,338	1,0020710712250016
10,105	0,356	0,03297914153065366
10,071	0,143	0,04594028661689413
10,279	0,22	1,1767335463022466
10,533	0,447	1,2146809703318076
10,685	0,491	1,7237934208047472
10,323	0,212	1,7775702785917806
11,323	0,712	3,2453120238153117
11,653	0,712	5,130035212569888

Средневзвешенное: 10,04034983
χКрит: 26,296227604864352
χВыборки: 52,99335773881221

Таблица №5

X	U	χi
9,258	0,304	5,318636426259577
9,411	0,295	3,451911316624007
9,139	0,447	3,3659520326371926
9,386	0,43	1,7762686821482137
9,575	0,33	1,354683948661196
9,565	0,39	1,02108402898885
9,815	0,195	0,5460068588876734
9,702	0,338	0,5785444946710873
10,105	0,356	0,1679849893416526
10,071	0,143	0,6124437150571427
10,279	0,22	2,1145133572149475
10,533	0,447	1,6484380431772483
10,685	0,491	2,1857608654734473
10,323	0,212	2,946567545594602
11,323	0,712	3,6695387493869234

Средневзвешенное: 9,95908994
χКрит: 24,99579013972862
χВыборки: 36,41839078290091

Таблица №6

X	U	χi
9,411	0,295	3,2387590341038845
9,139	0,447	3,2263095263120833
9,386	0,43	1,6712975659431637
9,575	0,33	1,2361282143516121
9,565	0,39	0,933940358598885
9,815	0,195	0,4234892450464206
9,702	0,338	0,5037568217402231
10,105	0,356	0,20990219466363239
10,071	0,143	0,8150642546280951
10,279	0,22	2,3478833913820227
10,533	0,447	1,7486760843750244
10,685	0,491	2,2905170317979873
10,323	0,212	3,2315438266040015
11,323	0,712	3,762628427879393

Средневзвешенное: 9,9418983
χКрит: 23,684791304840566
χВыборки: 30,700890661711526

Таблица №7

X	U	χi
9,139	0,447	3,558474575098417
9,386	0,43	1,9225254168514867
9,575	0,33	1,5227350594659306
9,565	0,39	1,1444457066130156
9,815	0,195	0,7353475864783662
9,702	0,338	0,6873155629690796
10,105	0,356	0,11895290979548291
10,071	0,143	0,38546557659739394
10,279	0,22	1,8198353383438115
10,533	0,447	1,5182584006518245
10,685	0,491	2,0487042279393317
10,323	0,212	2,5839470624742096
11,323	0,712	3,5461481283452287

Средневзвешенное: 9,9822172
χКрит: 22,362032494827083
χВыборки: 25,34152745137468

Таблица №8

X	U	χi
9,386	0,43	2,176432208580446
9,575	0,33	1,8214172972132578
9,565	0,39	1,3633116151645208
9,815	0,195	1,109161648034793
9,702	0,338	0,8872059851416528
10,105	0,356	0,05651618061578753
10,071	0,143	0,12536724859515863
10,279	0,22	1,3820391005479769
10,533	0,447	1,315215662290093
10,685	0,491	1,8323142871753568
10,323	0,212	2,037787897528531
11,323	0,712	3,3472159435095827

Средневзвешенное: 10,02036765
χКрит: 21,026069817483076
χВыборки: 21,341742555123876

Таблица №9

X	U	χi
9,386	0,43	2,361395357225336
9,575	0,33	2,043806326271482
9,565	0,39	1,5260091040826047
9,815	0,195	1,4127308279017525
9,702	0,338	1,04048323125034
10,105	0,356	0,026750816902570678
10,071	0,143	0,028701122351416048
10,279	0,22	1,1142357977471953
10,533	0,447	1,1832096016243712
10,685	0,491	1,6896092812414303
10,323	0,212	1,6976886590193252
11,323	0,712	3,212886115805624

Средневзвешенное: 10,04677379
χКрит: 19,67513757268248
χВыборки: 17,337506241423448
