Результаты лабораторий: 
N	X	U	E
1	18,6	0,4	-0,1237
2	18,8	1,1	0,0454
3	18,74	0,37	0,0534
4	19,14	0,38	0,5721
5	18,96	0,38	0,3381
6	18,4	0,48	-0,3102
7	18,68	0,37	-0,0267
8	18,7	0,4	0
9	18,7	0,37	0
10	18,55	0,36	-0,2056

Показатели KCRV: 
Метод	X	U	λ
Mean	18,727	0,0657	0
WeightedMean	18,7326	0,1279	0
Median	18,7	0,0588	0
DerSimonian	18,7174	0,0712	0
Huber	18,7099	0,0481	0
GOST	18,70143711804958	0,046896577700297065	0
A	18,7162	0,066	0

Таблица "Промежуточные результаты" 

Таблица №1

N	X	U	χi
1	18,6	0,4	0,1098515787138195
2	18,8	1,1	0,003757081482819625
3	18,74	0,37	0,0004026573718888414
4	19,14	0,38	1,1495481703200303
5	18,96	0,38	0,3581850512064554
6	18,4	0,48	0,4800626588290464
7	18,68	0,37	0,020191227130837038
8	18,7	0,4	0,006632253713822635
9	18,7	0,37	0,007751355691830692
10	18,55	0,36	0,2572052360664445

Средневзвешенное: 18,73257546
χКрит: 16,91897760462043
χВыборки: 2,3935872705269947
