Результаты лабораторий: 
N	X	U	E
1	10,04	0,8	0,0159
2	10,26	1,22	0,0997
3	10,68	1,6	0,2068
4	10,33	0,82	0,1882
5	9,74	0,632	-0,2084
6	9,14	0,37	-1,0614
7	9,7	0,8	-0,1914

Показатели KCRV: 
Метод	X	U	λ
Mean	9,9843	0,1912	0
WeightedMean	9,5861	0,2541	0
Median	10,04	0,2108	0
DerSimonian	12,5182	5,5847	0
Huber	10,014	0,1806	0
GOST	9,9843	0,1912	0
A	9,9843	0,2169	0

Таблица "Промежуточные результаты" 

Таблица №1

X	U	χi
10,04	0,8	0,3218852849454216
10,26	1,22	0,30510182314234785
10,68	1,6	0,4674110612363555
10,33	0,82	0,822957585908791
9,74	0,632	0,05928260286079594
9,14	0,37	1,453787570234256
9,7	0,8	0,02026333744542235

Средневзвешенное: 9,58612052
χКрит: 12,59158724374397
χВыборки: 3,45068926577339
