Результаты лабораторий: 
N	X	U	E
1	131,58	7,24	-0,0478
2	140	10	0,3733
3	132	13	-0,0118
4	131,5	9,8	-0,0401
5	126,477	6,32	-0,43

Показатели KCRV: 
Метод	X	U	λ
Mean	132,3114	2,1731	0
WeightedMean	130,9851	3,7677	0
Median	131,58	0,3491	0
DerSimonian	133,1222	не число	0
Huber	131,6933	0,2087	0
GOST	131,5965132645449	0,2676083670180176	0
A	132,3114	2,4643	0

Таблица "Промежуточные результаты" 

Таблица №1

N	X	U	χi
1	131,58	7,24	0,006751643779508865
2	140	10	0,8126840614377668
3	132	13	0,006094794223531155
4	131,5	9,8	0,002760527944364533
5	126,477	6,32	0,5088070207162508

Средневзвешенное: 130,98510088
χКрит: 9,487729036781154
χВыборки: 1,3370980481014223
