Результаты лабораторий: 
N	X	U	E
1	4,53	0,088	-0,2261
2	4,59	0,089	-0,0611
3	4,6	0,089	-0,0337
4	4,63	0,09	0,0484
5	4,64	0,09	0,0757
6	4,65	0,09	0,103
7	4,65	0,09	0,103
8	4,68	0,091	0,1845
9	4,7	0,091	0,239
10	4,88	0,095	0,7217
11	4,05	0,079	-1,5812
12	6,01	0,117	3,5358
13	3,35	0,065	-3,6684

Показатели KCRV: 
Метод	X	U	λ
Mean	4,6123	0,1593	0
WeightedMean	4,4719	0,0243	0
Median	4,64	0,0258	0
DerSimonian	4,6093	0,1588	0,3441
Huber	4,6301	0,0211	0
GOST	4,635217902040911	0,021197253120534273	0
A	4,6284	0,0495	0

Таблица "Промежуточные результаты" 

Таблица №1

X	U	χi
4,53	0,088	0,43638140011427057
4,59	0,089	1,7617959806192187
4,6	0,089	2,072696296235926
4,63	0,09	3,08712982252899
4,64	0,09	3,489925057096882
4,65	0,09	3,9174116496895026
4,65	0,09	3,9174116496895026
4,68	0,091	5,231126501930288
4,7	0,091	6,284777365352603
4,88	0,095	18,456707652352875
4,05	0,079	28,516672065772344
6,01	0,117	172,8285678108323

Средневзвешенное: 4,47186793
χКрит: 21,026069817483076
χВыборки: 547,8911718587201

Таблица №2

X	U	χi
4,53	0,088	1,9729736252562948
4,59	0,089	0,5107763355617814
4,6	0,089	0,36279736825967657
4,63	0,09	0,0688016980228256
4,64	0,09	0,022858315306777587
4,65	0,09	0,0016062906154191015
4,65	0,09	0,0016062906154191015
4,68	0,091	0,08411867576197378
4,7	0,091	0,2599087011212355
4,88	0,095	5,679086842546817
4,05	0,079	58,37870452715665

Средневзвешенное: 4,65360707
χКрит: 19,67513757268248
χВыборки: 201,74325185993814

Таблица №3

X	U	χi
4,53	0,088	0,352126257277884
4,59	0,089	0,007642688594874873
4,6	0,089	0,039912856502966956
4,63	0,09	0,2818500909086453
4,64	0,09	0,41217256004444547
4,65	0,09	0,5671863872049508
4,65	0,09	0,5671863872049508
4,68	0,091	1,154576227069197
4,7	0,091	1,6751925777514953
4,88	0,095	9,82529481843326

Средневзвешенное: 4,5822194
χКрит: 18,30703805327513
χВыборки: 60,26969584800594

Таблица №4

X	U	χi
4,53	0,088	1,9118341500826281
4,59	0,089	0,48024588539830626
4,6	0,089	0,33714072190885097
4,63	0,09	0,05801032817777687
4,64	0,09	0,016833044227160615
4,65	0,09	0,0003471183012343061
4,65	0,09	0,0003471183012343061
4,68	0,091	0,09687280017389199
4,7	0,091	0,2819866753097505
4,88	0,095	5,776341679583388

Средневзвешенное: 4,6516768
χКрит: 16,91897760462043
χВыборки: 8,959959521464222
